0.000000000000000000e+00 0.000000000000000000e+00
0.000000000000000000e+00 0.000000000000000000e+00
9.941213842932318033e-15 0.000000000000000000e+00
-1.251352835549483818e-16 0.000000000000000000e+00
1.456285380633370788e-15 0.000000000000000000e+00
-5.497300540863416455e-16 0.000000000000000000e+00
-9.584325264516969566e-16 1.000000000000000000e+00
6.427681764387674362e-16 0.000000000000000000e+00
2.588140922928189869e-01 0.000000000000000000e+00
2.642389170537038368e-01 0.000000000000000000e+00
2.641847087684512374e-01 0.000000000000000000e+00
2.645329578408386340e-01 0.000000000000000000e+00
2.645329578408386340e-01 1.000000000000000000e+00
2.639938117823605879e-01 1.000000000000000000e+00
2.642280364597819897e-01 1.000000000000000000e+00
-3.675410965954856835e+00 1.000000000000000000e+00
1.334802047574541461e-01 1.000000000000000000e+00
2.641276520454010068e-01 1.000000000000000000e+00
2.641276520454010068e-01 1.000000000000000000e+00
-3.676735883332226784e+00 1.000000000000000000e+00
1.334414697356720581e-01 1.000000000000000000e+00
2.641781851450177854e-01 1.000000000000000000e+00
-3.675504794099854422e+00 1.000000000000000000e+00
1.334874011122781923e-01 1.000000000000000000e+00
2.641606286296003248e-01 1.000000000000000000e+00
2.641606286296003248e-01 1.000000000000000000e+00
-3.675406562857331139e+00 1.000000000000000000e+00
1.334962591796058362e-01 1.000000000000000000e+00
2.641743052431140271e-01 1.000000000000000000e+00
-3.674754040686634582e+00 1.000000000000000000e+00
-3.674754040686634582e+00 1.000000000000000000e+00
1.335238059543470968e-01 1.000000000000000000e+00
2.641742148616197383e-01 1.000000000000000000e+00
-3.674315489393562117e+00 1.000000000000000000e+00
1.335446628515244427e-01 1.000000000000000000e+00
2.641807582432722512e-01 1.000000000000000000e+00
-3.673737564151556612e+00 1.000000000000000000e+00
1.335705589022202489e-01 1.000000000000000000e+00
2.641847305528415291e-01 1.000000000000000000e+00
2.641847305528415291e-01 1.000000000000000000e+00
-3.673178754821546654e+00 1.000000000000000000e+00
1.335962750385046860e-01 1.000000000000000000e+00
1.335962750385046860e-01 1.000000000000000000e+00
2.641903250648631740e-01 1.000000000000000000e+00
-3.672563643700332392e+00 1.000000000000000000e+00
1.336243517001562964e-01 1.000000000000000000e+00
2.570714996191263424e-01 1.000000000000000000e+00
-3.625841466739478491e+00 1.000000000000000000e+00
1.401072034000989674e-01 1.000000000000000000e+00
2.702639675727862567e-01 1.000000000000000000e+00
-3.715150501676374617e+00 1.000000000000000000e+00
1.387741427098649893e-01 1.000000000000000000e+00
1.387741427098649893e-01 1.000000000000000000e+00
2.645298629732764084e-01 1.000000000000000000e+00
2.645298629732764084e-01 1.000000000000000000e+00
-3.726924262679684574e+00 1.000000000000000000e+00
1.324178120665298053e-01 1.000000000000000000e+00
2.636417260597596623e-01 1.000000000000000000e+00
-3.646930229757176178e+00 1.000000000000000000e+00
1.347535099481795839e-01 1.000000000000000000e+00
2.645838752455951237e-01 1.000000000000000000e+00
-3.690881974889444805e+00 1.000000000000000000e+00
1.329108074138112272e-01 1.000000000000000000e+00
1.329108074138112272e-01 1.000000000000000000e+00
2.644094277500741441e-01 1.000000000000000000e+00
-3.671474045823703847e+00 1.000000000000000000e+00
1.336015241361891981e-01 1.000000000000000000e+00
2.639930344656455929e-01 1.000000000000000000e+00
2.639930344656455929e-01 1.000000000000000000e+00
-3.679515404581198190e+00 1.000000000000000000e+00
1.333418365975163056e-01 1.000000000000000000e+00
2.642299797393832250e-01 1.000000000000000000e+00
-3.675257564604411442e+00 1.000000000000000000e+00
1.334869165665146795e-01 1.000000000000000000e+00
1.334869165665146795e-01 1.000000000000000000e+00
2.641284650286657154e-01 1.000000000000000000e+00
-3.676599010344244078e+00 1.000000000000000000e+00
1.334477240073965731e-01 1.000000000000000000e+00
2.641796019865338963e-01 1.000000000000000000e+00
-3.675348930966055860e+00 1.000000000000000000e+00
1.334944035180214428e-01 1.000000000000000000e+00
2.641618867564829998e-01 1.000000000000000000e+00
2.641618867564829998e-01 1.000000000000000000e+00
-3.675247213303058480e+00 1.000000000000000000e+00
1.335034925915472570e-01 1.000000000000000000e+00
2.641757523545287256e-01 1.000000000000000000e+00
-3.674583414294691153e+00 1.000000000000000000e+00
-3.674583414294691153e+00 1.000000000000000000e+00
1.335315432870736174e-01 1.000000000000000000e+00
2.641757065912635483e-01 1.000000000000000000e+00
-3.674136286968711751e+00 1.000000000000000000e+00
1.335528216821835201e-01 1.000000000000000000e+00
2.641823685432136415e-01 1.000000000000000000e+00
-3.673547638547120187e+00 1.000000000000000000e+00
1.335792229026893096e-01 1.000000000000000000e+00
2.641864377848932577e-01 1.000000000000000000e+00
2.641864377848932577e-01 1.000000000000000000e+00
-3.672978071266645550e+00 1.000000000000000000e+00
-3.672978071266645550e+00 1.000000000000000000e+00
1.336054568645081986e-01 1.000000000000000000e+00
2.570751454427373517e-01 1.000000000000000000e+00
-3.625650767933915830e+00 1.000000000000000000e+00
1.401729995623135494e-01 1.000000000000000000e+00
2.702561166323604880e-01 1.000000000000000000e+00
-3.713689293488376286e+00 1.000000000000000000e+00
1.388203575570301496e-01 1.000000000000000000e+00
2.645321268672127246e-01 1.000000000000000000e+00
-3.726175083767592433e+00 1.000000000000000000e+00
-3.726175083767592433e+00 1.000000000000000000e+00
1.324446431415076120e-01 1.000000000000000000e+00
2.636343202911213268e-01 1.000000000000000000e+00
2.636343202911213268e-01 1.000000000000000000e+00
-3.647406596210036156e+00 1.000000000000000000e+00
1.347362003331582514e-01 1.000000000000000000e+00
2.645949889394962895e-01 1.000000000000000000e+00
-3.690825990215650165e+00 1.000000000000000000e+00
1.329111117862424862e-01 1.000000000000000000e+00
2.644039432665508116e-01 1.000000000000000000e+00
-3.671667974083425712e+00 1.000000000000000000e+00
1.335936859700410650e-01 1.000000000000000000e+00
1.335936859700410650e-01 1.000000000000000000e+00
2.639937797628775229e-01 1.000000000000000000e+00
-3.679604442883756654e+00 1.000000000000000000e+00
1.333374460257381600e-01 1.000000000000000000e+00
2.642281177411476278e-01 1.000000000000000000e+00
2.642281177411476278e-01 1.000000000000000000e+00
-3.675404598358704256e+00 1.000000000000000000e+00
1.334804833546314740e-01 1.000000000000000000e+00
2.641276859487291517e-01 1.000000000000000000e+00
-3.676730199955482448e+00 1.000000000000000000e+00
1.334417293433354246e-01 1.000000000000000000e+00
1.334417293433354246e-01 1.000000000000000000e+00
2.641782439516973113e-01 1.000000000000000000e+00
-3.675498325155140300e+00 1.000000000000000000e+00
1.334876917044525158e-01 1.000000000000000000e+00
2.641606809363992170e-01 1.000000000000000000e+00
-3.675399949425401935e+00 1.000000000000000000e+00
1.334965592457137973e-01 1.000000000000000000e+00
2.641743651890102740e-01 1.000000000000000000e+00
2.641743651890102740e-01 1.000000000000000000e+00
-3.674746960367119009e+00 1.000000000000000000e+00
1.335241269136062670e-01 1.000000000000000000e+00
2.641742767209613874e-01 1.000000000000000000e+00
-3.674308053873027724e+00 1.000000000000000000e+00
-3.674308053873027724e+00 1.000000000000000000e+00
1.335450012405772213e-01 1.000000000000000000e+00
2.641808249737493952e-01 1.000000000000000000e+00
-3.673729684619161162e+00 1.000000000000000000e+00
1.335709181906672427e-01 1.000000000000000000e+00
2.641848012728793549e-01 1.000000000000000000e+00
-3.673170429860082464e+00 1.000000000000000000e+00
1.335966557662260357e-01 1.000000000000000000e+00
2.641904007035584812e-01 1.000000000000000000e+00
2.641904007035584812e-01 1.000000000000000000e+00
-3.672554828462288867e+00 1.000000000000000000e+00
1.336247559029395404e-01 1.000000000000000000e+00
2.570714216901670568e-01 1.000000000000000000e+00
-3.625845504405983633e+00 1.000000000000000000e+00
-3.625845504405983633e+00 1.000000000000000000e+00
1.401057862076875438e-01 1.000000000000000000e+00
2.702641374940952801e-01 1.000000000000000000e+00
-3.715182013399221717e+00 1.000000000000000000e+00
1.387731463151382627e-01 1.000000000000000000e+00
2.645298194191880725e-01 1.000000000000000000e+00
-3.726940421076992749e+00 1.000000000000000000e+00
1.324172338171294427e-01 1.000000000000000000e+00
2.636418867791014975e-01 1.000000000000000000e+00
2.636418867791014975e-01 1.000000000000000000e+00
-3.646919951934918913e+00 1.000000000000000000e+00
1.347538836457644607e-01 1.000000000000000000e+00
1.347538836457644607e-01 1.000000000000000000e+00
2.645836357618343015e-01 1.000000000000000000e+00
-3.690883180224570737e+00 1.000000000000000000e+00
1.329108009984629746e-01 1.000000000000000000e+00
2.644095459909472368e-01 1.000000000000000000e+00
-3.671469860689320797e+00 1.000000000000000000e+00
1.336016933540769003e-01 1.000000000000000000e+00
2.639930185521350836e-01 1.000000000000000000e+00
-3.679513481412342912e+00 1.000000000000000000e+00
1.333419314517847454e-01 1.000000000000000000e+00
1.333419314517847454e-01 1.000000000000000000e+00
2.642300199070604094e-01 1.000000000000000000e+00
2.642300199070604094e-01 1.000000000000000000e+00
-3.675254390256970538e+00 1.000000000000000000e+00
1.334870555075973186e-01 1.000000000000000000e+00
2.641284819167566411e-01 1.000000000000000000e+00
-3.676596177236287843e+00 1.000000000000000000e+00
1.334478535106526920e-01 1.000000000000000000e+00
2.641796313303892418e-01 1.000000000000000000e+00
-3.675345704807643443e+00 1.000000000000000000e+00
1.334945485156673328e-01 1.000000000000000000e+00
2.641619128415371165e-01 1.000000000000000000e+00
-3.675243914510268439e+00 1.000000000000000000e+00
-3.675243914510268439e+00 1.000000000000000000e+00
1.335036423961959429e-01 1.000000000000000000e+00
2.641757823492234536e-01 1.000000000000000000e+00
2.641757823492234536e-01 1.000000000000000000e+00
-3.674579881782648272e+00 1.000000000000000000e+00
1.335317035423706500e-01 1.000000000000000000e+00
2.641757375199631497e-01 1.000000000000000000e+00
-3.674132576491088820e+00 1.000000000000000000e+00
1.335529906888162088e-01 1.000000000000000000e+00
2.641824019320253569e-01 1.000000000000000000e+00
-3.673543705618064870e+00 1.000000000000000000e+00
